
2022:8:22
	Wallet1
	MATIC: 6.993676
	BNB: 0.069532
	AVAX: 0.507519
	FTM: 3.570910
	SPELL: 54.819411
	TOMB: 0.626214
	ELK: 0.017219
	Wallet2
	MATIC: 11.895058
	BNB: 0.073303
	AVAX: 0.289307
	USDC: 7.456114
	ELK: 12.342000

2022:8:23
	Wallet1
	MATIC: 7.191884
	BNB: 0.069251
	AVAX: 0.516115
	FTM: 3.702302
	SPELL: 58.816787
	TOMB: 0.668283
	ELK: 0.017219
	Wallet2
	MATIC: 12.825025
	BNB: 0.073303
	AVAX: 0.289307
	USDC: 7.946039
	ELK: 12.342000
	