
2022:8:22
	MATIC: 0
	BNB: 0
	AVAX: 0
	FTM: 0
	SPELL: 0
	TOMB: 0
	ELK: 0
	MATIC: 0
	BNB: 0
	AVAX: 0
	USDC: 0
	ELK: 0

2022:8:23
	MATIC: -0.0015539999999996112
	BNB: -0.0002799999999999886
	AVAX: -0.002942
	FTM: -0.00022799999999989495
	SPELL: 0
	TOMB: 0
	ELK: 0
	MATIC: -0.0037240000000000606
	BNB: 0
	AVAX: 0
	USDC: 0
	ELK: 0
	