2022:8:22
	BakeHouse
	AVAX: 0.189954
	BNB: 0.033191
	MultiMiner
	MATICw3: 0.981531
	USDC: 0.513957
	MATICw2: 0.210250
	AVAX: 0.012697
	FTM: 0.138560
	SPELL: 4.206240
	TOMB: 0.044274
2022:8:23
	BakeHouse
	AVAX: 0.122147
	BNB: 0.021288
	MultiMiner
	MATICw3: 0.603689
	USDC: 0.315226
	MATICw2: 0.129241
	AVAX: 0.007697
	FTM: 0.084278
	SPELL: 2.618216
	TOMB: 0.027089
	